396
43
324
47
316
303
343
162
368
309
299
319
181
340
349
479
132
204
72
475
415
35
288
263
209
216
201
349
443
369
280
261
347
505
368
469
376
174
481
465
404
278
264
440
427
163
307
464
386
192
493
212
457
207
403
333
191
277
302
299
327
168
115
374
386
349
214
506
391
450
470
497
179
12
458
479
509
499
356
273
57
323
213
508
340
464
101
320
195
353
51
366
281
375
172
184
263
400
133
110
134
442
283
286
174
293
172
387
415
165
411
259
358
103
460
347
312
393
203
104
385
294
483
470
373
310
220
343
320
364
74
381
498
63
392
460
286
46
315
277
507
396
89
256
368
285
336
337
495
402
323
39
174
380
42
372
374
476
402
384
88
275
494
164
383
310
347
279
297
291
123
251
213
283
480
425
256
39
313
272
257
453
403
357
426
276
302
481
314
392
91
262
294
268
364
251
319
187
265
289
336
40
77
372
283
62
271
370
105
466
79
270
312
209
263
368
294
448
298
185
445
464
505
359
407
432
494
397
413
472
380
63
314
447
425
247
505
389
466
296
387
367
360
352
247
176
305
351
468
174
477
282
454
270
58
432
369
300
364
425
501
465
362
407
274
397
304
185
365
486
356
371
440
467
288
265
354
153
506
143
448
459
277
34
379
99
98
115
38
342
354
436
115
504
134
322
303
188
424
61
130
29
500
355
145
157
176
496
461
70
325
356
86
122
481
488
478
73
485
100
98
216
348
242
168
345
6
482
317
28
178
157
142
250
70
219
155
152
368
215
101
58
93
282
53
504
4
272
171
483
340
255
6
124
133
5
279
46
478
283
61
213
112
495
99
475
483
426
76
5
2
136
67
393
112
504
102
503
283
208
110
407
72
51
128
456
241
5
233
354
282
16
391
88
91
488
51
434
34
73
241
198
188
392
149
50
49
164
108
32
80
134
321
200
344
462
73
324
161
321
231
41
275
165
180
310
236
173
424
145
182
221
421
50
418
161
107
307
86
492
104
361
484
242
6
502
10
176
77
484
149
245
349
40
114
177
75
334
510
129
0
347
411
125
490
332
488
120
22
254
399
316
339
63
500
9
51
264
221
55
203
12
410
90
284
417
403
282
41
449
200
502
119
334
329
392
134
267
176
70
358
325
86
3
7
72
130
166
120
52
151
66
258
246
19
233
160
78
203
189
162
5
352
36
339
9
483
487
265
65
120
424
226
14
261
419
409
27
481
58
114
319
458
157
69
80
410
71
346
510
148
299
240
78
422
244
417
217
31
134
293
125
233
399
462
412
138
17
371
315
115
467
480
410
22
128
69
203
380
328
345
9
496
141
110
245
141
24
375
245
118
282
181
59
67
347
79
325
150
153
278
202
341
437
66
254
76
509
17
88
306
153
284
180
21
214
94
306
161
81
170
344
128
55
350
118
105
225
187
241
116
2
419
13
85
189
144
41
136
415
71
64
70
81
450
482
398
37
243
119
422
149
114
72
480
146
131
277
471
241
229
224
348
403
458
155
226
279
368
223
504
6
167
147
166
378
235
321
267
31
48
11
237
32
428
438
28
413
51
128
144
170
117
65
55
400
320
114
181
139
154
81
289
350
53
188
485
421
464
157
182
58
482
191
340
76
430
223
1
107
104
394
495
210
358
91
55
345
24
506
77
455
463
234
68
223
196
415
32
218
328
68
19
181
394
433
198
17
121
42
484
93
473
461
65
507
379
421
84
237
71
199
2
144
466
402
408
14
396
52
145
138
106
205
10
35
233
65
197
458
135
2
63
85
113
427
150
504
18
284
461
147
85
122
86
113
208
431
412
284
160
9
475
443
230
318
345
6
28
122
33
79
60
320
501
480
403
90
363
249
394
373
317
131
228
59
141
167
68
162
488
33
489
146
119
361
46
118
164
332
473
329
260
234
469
28
260
374
124
128
168
434
167
253
383
51
446
28
239
94
311
181
42
219
225
64
98
144
171
302
414
427
21
237
188
66
44
482
126
86
23
176
190
98
121
21
274
141
94
97
78
243
378
160
232
116
394
1
153
197
337
146
154
166
485
182
138
105
145
216
420
395
441
395
381
453
209
212
326
331
457
236
155
206
82
79
175
392
468
76
350
484
43
254
510
56
146
189
93
368
387
120
143
132
42
154
54
3
186
308
331
302
238
500
77
80
432
100
141
167
391
502
94
230
60
122
168
96
410
290
66
361
154
278
182
198
58
19
85
207
322
421
146
446
199
332
219
435
101
147
457
205
176
169
322
60
130
419
352
194
3
170
220
399
408
182
484
11
193
428
226
241
208
109
219
64
79
436
73
157
87
471
235
423
357
197
370
102
199
189
219
155
161
342
375
23
246
222
499
141
128
286
75
251
101
443
66
363
169
244
219
156
232
378
107
340
155
25
472
142
77
237
435
160
315
152
175
178
221
435
82
399
255
151
52
30
267
138
194
391
56
403
116
404
101
192
239
16
178
235
136
154
191
474
333
67
55
172
326
15
13
108
280
446
346
476
376
4
328
446
13
443
33
196
228
114
209
450
124
236
240
52
49
120
240
333
56
386
450
178
172
417
492
331
123
507
224
13
85
50
304
229
38
1
435
13
114
112
122
123
150
270
511
331
510
90
438
162
17
227
473
27
29
113
213
401
482
164
381
448
128
510
121
455
380
241
134
50
505
32
25
275
321
290
61
507
156
55
309
42
188
183
367
61
336
417
197
240
117
18
242
202
3
222
252
203
386
365
504
129
125
215
20
102
18
480
204
288
21
225
90
88
44
187
181
495
27
82
428
218
214
191
192
50
93
290
179
367
361
256
295
45
175
431
321
159
128
146
322
334
157
67
434
24
436
224
348
262
225
243
318
78
385
189
80
22
223
303
85
177
364
456
321
131
202
438
238
25
415
418
313
57
498
118
208
62
175
73
458
231
197
321
26
105
395
505
38
144
6
459
13
350
9
325
421
24
486
147
42
371
131
74
196
323
83
312
102
115
344
400
435
444
200
128
447
405
30
120
119
255
128
378
59
427
116
149
496
155
444
479
458
165
245
366
48
354
312
53
23
33
36
212
353
76
484
237
439
179
234
456
186
115
208
397
221
164
93
112
177
492
6
309
163
315
115
332
439
3
247
27
94
256
80
177
283
356
140
78
33
73
240
418
346
483
230
216
228
501
402
382
12
81
228
231
68
464
225
394
324
50
66
125
97
238
214
422
275
267
150
410
225
19
357
356
60
475
422
334
110
484
298
73
412
482
188
32
131
117
332
95
142
257
243
291
358
162
258
324
298
304
59
237
131
148
333
61
352
138
216
217
419
116
502
96
394
398
87
197
420
108
32
511
191
389
412
108
248
77
398
10
350
487
303
44
448
116
264
116
13
200
439
181
449
313
66
10
214
484
510
73
246
196
252
160
491
25
275
175
143
471
158
354
7
254
439
148
162
155
261
83
142
156
495
158
65
352
176
36
375
41
66
375
218
329
472
159
192
232
223
28
484
151
65
195
94
196
143
378
88
144
380
455
434
67
288
68
502
351
27
322
485
5
89
431
26
61
20
173
416
378
219
81
1
190
28
129
488
259
326
30
51
236
160
118
78
60
472
480
57
103
457
157
16
33
22
60
154
12
378
200
77
473
99
366
130
141
501
501
64
45
108
234
423
473
382
182
103
119
281
461
112
8
87
227
264
169
101
21
72
115
132
334
102
239
295
192
474
373
497
137
146
448
92
68
55
474
345
328
129
128
349
65
291
327
103
222
495
114
91
16
24
361
251
65
417
376
377
238
76
502
511
426
53
226
81
177
363
377
155
81
307
504
489
4
144
32
404
360
471
0
332
152
310
399
276
294
88
82
219
404
171
379
438
472
340
254
100
199
55
315
192
421
407
36
12
236
218
159
90
82
194
183
120
21
199
121
273
189
117
217
227
174
200
112
384
47
346
111
86
357
53
99
20
20
41
249
394
225
193
226
229
241
11
474
129
226
35
31
4
253
322
116
87
491
291
312
324
484
267
128
352
341
325
360
1
202
94
119
286
416
125
344
381
122
76
2
284
61
80
324
44
250
503
0
334
229
169
24
221
131
28
12
67
451
400
124
230
486
228
103
162
53
376
492
412
254
179
356
304
202
182
418
257
104
254
65
511
233
398
68
403
347
41
168
96
492
27
466
91
38
293
35
110
294
214
387
50
229
266
60
442
38
91
340
35
164
205
238
379
501
179
42
455
290
132
462
407
91
365
278
139
203
409
54
493
291
54
301
274
43
106
89
126
306
469
164
103
52
448
509
392
123
105
475
380
305
337
278
114
427
362
122
474
300
505
257
205
460
292
158
448
284
210
385
267
57
213
448
269
448
413
159
432
209
33
389
389
374
404
324
289
451
87
172
341
425
297
361
275
464
256
435
451
434
314
305
32
169
122
391
238
198
265
445
284
399
279
262
478
290
407
133
229
152
455
209
265
288
390
46
307
260
126
385
268
195
352
263
313
479
369
260
262
179
309
126
171
79
134
474
370
323
338
202
403
433
389
211
311
43
158
487
457
336
493
186
259
509
301
235
285
110
195
382
311
323
375
293
349
406
371
261
23
347
74
250
405
383
95
139
301
446
204
74
506
466
351
397
126
319
261
208
259
63
266
260
286
448
32
342
382
188
466
206
117
342
379
368
303
390
209
320
293
261
184
199
414
189
362
498
247
464
297
170
377
348
291
284
38
371
323
279
367
334
368
479
289
452
311
233
28
201
298
437
220
448
110
388
433
49
503
388
264
480
501
342
379
494
278
338
297
458
305
104
131
194
278
300
457
280
319
207
262
110
74
319
436
42
483
432
158
367
424
221
429
84
225
338
75
307
37
368
349
241
46
368
417
458
84
492
508
355
447
206
380
507
459
468
472
507
284
42
209
456
444
391
492
338
339
271
204
384
102
292
339
476
383
198
375
454
315
296
323
96
252
75
364
498
5
387
495
399
395
444
372
374
436
122
106
91
111
220
496
74
385
36
428
293
304
376
433
332
40
123
387
310
281
222
479
432
467
427
247
282
487
154
380
467
355
274
455
45
450
305
364
327
399
462
248
289
70
340
466
463
35
262
273
397
299
168
430
459
313
139
159
468
448
272
150
361
96
444
335
205
362
32
416
49
341
216
260
0
479
101
393
383
493
285
293
415
432
213
339
495
46
327
127
257
462
280
338
317
415
354
420
479
389
492
61
405
441
417
351
371
401
424
83
167
29
388
176
458
309
253
170
394
298
167
476
348
267
41
428
342
155
96
164
284
92
498
40
382
296
393
370
191
134
221
173
143
469
223
28
46
216
445
292
466
84
195
228
375
129
188
74
132
391
355
222
476
103
400
362
367
220
413
370
339
35
455
259
318
352
358
93
97
320
167
221
179
266
285
252
314
16
296
415
374
371
406
407
227
495
281
208
504
436
453
33
360
491
212
288
102
272
295
225
412
351
429
84
401
455
230
349
490
177
443
115
479
179
294
335
268
468
363
452
365
285
386
409
299
84
7
420
372
266
402
365
39
109
184
85
464
118
409
83
501
441
47
500
469
96
137
457
18
292
78
452
267
333
127
285
493
316
409
351
79
223
30
398
417
424
230
65
511
215
133
211
207
316
429
77
19
366
368
208
185
30
168
263
212
368
337
268
212
91
308
267
306
266
408
460
391
213
453
503
259
352
452
384
178
351
96
322
329
88
309
478
414
362
247
248
352
444
405
336
84
308
82
393
445
316
308
262
297
474
168
383
119
466
258
298
465
292
159
298
37
372
312
283
455
360
31
76
168
336
494
63
399
496
315
444
475
490
423
442
262
264
304
415
285
276
464
464
256
425
442
205
183
382
498
381
305
461
469
274
266
486
105
380
289
475
302
398
126
407
38
167
364
348
208
188
432
316
229
38
453
318
497
461
281
259
176
453
362
298
460
424
465
320
448
437
478
409
442
460
308
58
316
387
499
229
267
129
487
427
275
388
39
480
361
40
305
36
403
431
129
258
409
239
313
362
165
496
495
258
451
162
389
184
459
197
424
341
448
453
508
337
467
323
467
308
258
267
194
264
192
294
77
169
385
430
295
470
398
490
453
444
280
261
481
301
187
295
426
290
441
409
493
495
493
377
435
415
451
295
342
398
94
362
193
296
314
297
384
165
348
388
255
388
260
343
267
185
368
405
470
506
370
404
270
432
486
281
391
176
474
204
390
231
336
199
405
404
317
262
223
404
317
165
337
473
397
187
312
19
252
510
108
434
39
283
132
307
341
374
123
430
168
198
491
105
22
338
198
398
317
308
498
460
187
85
442
208
278
132
317
454
511
414
371
288
464
132
354
105
456
360
314
159
376
151
438
7
473
262
503
291
86
34
420
154
365
333
386
144
330
121
312
5
378
9
36
60
287
408
135
330
96
301
181
177
130
104
249
445
269
98
120
134
141
244
118
144
385
111
190
25
167
196
34
191
147
141
359
146
366
81
108
2
27
294
497
491
136
63
170
345
153
358
45
219
432
384
394
231
233
110
235
402
291
415
434
464
83
152
226
242
175
211
151
423
152
173
137
419
181
91
468
89
175
236
90
506
402
328
8
6
458
58
9
51
302
55
506
189
364
85
245
343
2
359
92
41
422
71
153
87
227
136
332
189
387
9
144
162
335
393
470
80
45
393
18
494
478
106
400
506
124
143
60
135
491
105
431
181
83
58
246
210
39
352
153
81
490
360
67
141
275
318
462
52
484
496
249
131
181
166
130
109
133
498
507
45
203
230
423
303
124
184
291
280
58
439
121
326
8
47
130
100
166
265
48
79
14
44
227
275
464
190
162
390
358
171
236
253
11
338
89
218
23
418
48
233
179
328
243
442
304
326
215
121
207
7
421
135
438
25
17
127
397
144
44
421
17
243
490
195
146
428
452
47
275
19
440
164
324
134
148
180
341
140
330
303
74
353
429
373
224
26
216
1
299
85
212
125
216
21
152
70
20
244
320
335
23
53
431
24
97
103
130
392
101
321
4
396
118
362
373
39
55
83
385
200
58
50
109
6
56
254
166
346
178
116
222
245
331
423
116
113
306
178
361
164
113
224
131
128
3
327
41
218
160
156
135
450
341
179
66
497
150
411
187
34
379
257
120
47
167
381
313
228
58
197
40
477
410
311
329
189
52
292
151
22
491
456
232
232
136
33
7
102
124
137
391
3
142
421
37
249
344
30
45
215
225
23
245
87
56
12
132
490
68
197
485
72
225
8
443
343
112
377
81
11
5
196
478
321
147
329
155
72
484
447
160
303
488
430
484
469
142
111
396
192
177
149
309
314
215
432
419
23
236
38
48
330
324
330
279
247
380
333
418
3
392
155
218
51
410
39
306
489
230
232
431
246
235
326
369
135
112
20
352
426
179
13
147
241
403
391
68
489
143
480
83
73
193
408
206
205
9
40
361
417
376
497
471
160
182
418
239
144
481
139
322
61
331
286
322
56
446
12
121
98
17
253
329
300
408
124
247
435
249
371
242
249
218
491
278
165
113
117
86
502
66
236
140
239
192
290
26
350
435
102
148
331
196
422
288
420
146
237
36
118
419
161
65
6
253
330
298
464
95
239
8
438
345
472
324
367
356
382
403
507
294
446
68
114
334
3
29
18
510
112
38
42
306
98
357
376
429
90
261
327
506
4
137
10
476
210
61
175
156
183
145
43
98
253
20
448
188
366
69
8
215
151
75
420
12
350
411
377
97
63
87
496
228
202
207
163
431
86
101
365
73
75
414
419
395
100
500
202
491
197
436
96
136
271
482
227
64
410
299
245
73
113
330
178
255
11
130
196
89
114
430
134
159
27
438
2
484
246
49
121
484
470
77
237
480
434
191
155
352
486
95
498
98
14
27
164
229
52
349
76
204
418
503
489
341
40
244
282
96
471
228
75
18
36
423
35
344
196
413
89
54
431
18
74
134
51
48
56
257
249
74
106
136
59
427
438
58
370
157
510
74
440
8
130
118
177
477
97
350
163
149
42
390
17
78
118
245
17
43
443
324
4
55
309
231
46
201
178
75
240
21
357
101
500
397
314
21
31
459
127
193
446
249
365
118
447
59
405
215
16
121
226
66
17
169
279
253
2
247
25
302
110
229
133
71
100
502
160
137
14
325
291
215
94
386
152
510
497
323
166
108
106
383
172
441
148
157
258
470
496
228
15
101
22
407
63
493
108
83
137
165
251
478
168
192
257
400
310
127
475
19
381
258
385
4
90
159
14
89
237
327
214
290
232
417
75
170
498
386
420
330
66
3
257
200
161
375
82
485
412
503
327
458
289
34
328
273
113
18
369
169
44
31
503
135
81
137
338
65
264
18
231
204
359
394
91
506
408
386
212
11
481
345
350
450
175
365
61
250
166
438
271
71
133
330
99
120
43
306
148
61
76
48
67
409
335
465
286
200
377
108
228
154
455
92
14
26
269
110
448
140
231
160
2
413
214
101
245
14
115
99
51
88
410
141
175
71
99
428
120
434
28
352
128
62
93
307
178
388
240
137
182
411
87
10
146
240
140
128
106
278
19
62
184
416
507
224
447
482
8
380
503
163
86
288
92
244
271
210
325
292
3
377
371
89
302
118
215
16
0
186
463
130
6
16
385
25
329
41
375
498
261
209
13
408
187
431
237
157
8
326
4
10
329
117
153
148
458
71
191
237
424
164
301
333
115
137
269
328
131
84
77
295
496
478
152
83
166
93
359
32
391
161
34
288
251
352
133
501
21
78
329
69
483
239
20
64
478
292
443
64
0
239
203
326
153
326
316
314
44
221
183
443
430
198
321
362
64
1
301
28
136
7
331
418
419
426
117
233
372
116
449
360
170
235
410
394
448
402
107
33
55
269
320
2
485
136
16
311
9
264
210
258
330
0
412
402
228
69
405
485
238
233
414
112
84
2
417
437
200
149
234
425
292
169
215
416
510
80
375
231
78
506
416
321
377
500
113
54
280
136
97
315
472
25
501
100
377
305
75
98
273
178
44
14
120
129
144
43
241
157
164
429
15
199
258
333
184
206
68
331
122
473
416
224
206
100
327
211
239
190
51
87
170
31
29
249
232
171
327
140
365
360
174
112
236
220
355
144
412
434
161
36
502
111
165
505
314
183
91
254
111
389
276
399
203
181
176
106
119
105
296
26
476
209
54
447
332
56
167
500
117
85
269
36
156
500
148
160
411
19
368
156
477
382
394
272
183
230
488
348
195
63
30
501
420
408
130
121
184
460
113
216
344
232
123
61
254
18
78
136
417
140
73
483
138
454
42
236
115
208
217
170
350
18
419
10
140
322
367
344
50
64
12
404
386
500
3
290
387
340
471
463
490
314
498
300
442
358
356
266
307
162
350
307
388
220
23
437
356
166
386
435
110
407
247
212
185
467
463
269
293
182
390
309
266
259
433
363
363
34
266
171
274
56
498
454
220
462
434
132
423
400
385
44
272
316
369
340
501
374
279
122
209
40
442
393
356
425
286
385
499
508
308
427
459
469
268
288
183
75
274
405
387
468
109
308
187
357
208
424
195
219
472
479
338
306
398
404
402
498
396
374
407
351
316
313
390
383
313
340
62
449
258
53
109
222
356
308
74
387
461
165
310
493
300
275
463
367
370
295
38
46
126
400
478
497
498
103
275
104
470
247
274
223
470
265
286
184
311
496
380
211
172
276
297
494
304
397
395
383
364
392
269
384
143
164
301
248
139
129
266
352
435
272
110
309
174
360
167
188
266
438
50
296
359
426
317
363
301
374
402
448
248
188
479
268
220
252
154
173
281
336
302
123
35
390
362
309
256
184
192
467
53
402
396
11
477
304
454
48
508
458
454
123
271
450
45
433
265
379
259
311
490
327
223
372
307
86
67
91
493
452
195
169
212
362
435
411
108
15
389
272
343
14
272
82
24
449
187
265
409
432
477
469
313
159
82
473
363
384
104
433
99
281
452
278
97
428
421
174
455
336
258
297
213
363
311
440
444
139
462
243
220
279
253
453
355
256
272
335
92
12
493
88
132
441
313
43
249
449
417
347
404
257
470
443
399
79
138
308
507
463
338
427
451
367
210
384
492
335
464
104
260
480
363
235
319
285
374
91
258
278
296
374
119
194
413
290
84
296
477
175
369
507
250
460
143
417
329
178
500
260
184
440
266
332
359
472
46
452
339
59
226
185
365
454
446
19
123
304
458
289
163
395
352
110
292
287
450
11
161
418
250
449
159
429
301
276
207
336
195
292
100
368
222
288
212
12
291
335
133
386
312
464
497
395
401
425
276
332
56
292
341
339
352
192
416
441
260
306
188
433
233
185
158
206
505
473
328
469
293
258
19
86
41
447
408
205
151
427
480
342
272
465
127
318
429
328
303
114
295
66
352
388
197
447
405
406
452
394
85
300
177
49
390
184
500
293
475
388
337
261
495
286
36
213
259
419
37
481
280
392
504
221
37
127
257
154
316
335
44
172
22
300
43
327
184
509
81
100
425
286
323
303
178
296
193
43
230
87
457
381
454
179
298
295
45
397
359
440
329
407
461
166
226
443
163
256
442
193
507
421
476
111
451
313
421
383
358
35
79
447
329
126
107
467
292
224
433
392
390
379
414
297
430
465
481
449
419
194
193
276
425
102
86
455
256
426
263
247
426
425
368
92
397
476
371
284
310
41
316
187
258
425
477
331
453
165
372
373
127
452
463
186
251
278
256
467
213
388
444
460
209
309
347
251
303
385
399
188
460
28
404
207
413
165
405
424
464
198
264
277
486
300
172
107
298
449
204
131
293
198
331
427
475
134
194
384
264
295
439
264
204
404
308
217
168
444
369
92
429
434
481
331
510
505
460
430
365
337
295
282
207
311
444
311
343
341
483
441
372
432
276
305
446
369
294
295
273
437
284
407
319
201
220
288
162
409
38
299
509
212
33
207
74
413
363
186
505
390
262
273
195
324
444
259
268
265
287
296
283
437
195
318
312
288
193
353
212
486
110
319
316
313
409
168
191
210
369
165
327
110
259
238
297
301
59
286
297
262
471
449
339
292
316
255
365
380
392
456
108
491
387
260
503
303
362
368
58
469
298
315
266
122
288
184
353
415
305
472
292
204
201
403
88
40
256
54
280
71
336
277
449
487
119
67
93
318
201
158
255
191
40
456
161
306
63
225
44
36
64
2
7
118
307
232
57
508
24
39
60
251
503
344
464
0
89
152
397
21
182
227
154
75
250
491
224
104
141
173
304
261
221
227
106
180
255
244
145
487
161
73
248
372
182
463
366
250
164
59
414
490
140
219
455
316
336
501
161
128
144
36
223
283
500
337
237
509
116
382
202
449
189
482
422
140
148
160
283
15
253
148
147
54
22
401
380
137
277
141
318
177
78
314
54
152
357
502
509
95
387
408
106
482
232
440
82
341
210
338
477
171
314
97
31
235
293
321
407
254
375
299
433
437
453
102
16
62
20
246
162
91
128
361
30
227
206
320
275
81
382
235
26
31
135
265
330
247
44
458
224
5
115
482
360
236
109
481
54
465
62
80
196
461
505
243
508
331
190
102
201
353
215
4
44
253
289
419
69
411
213
488
98
92
172
321
489
511
176
451
64
280
440
418
133
25
303
8
49
434
112
28
485
443
68
7
413
450
29
425
105
484
20
107
395
64
192
20
371
330
502
48
122
106
62
71
281
72
327
66
347
115
355
463
154
441
135
235
428
246
177
148
330
180
478
90
19
14
36
100
428
10
3
139
51
423
306
9
24
56
69
428
156
307
133
167
156
194
221
357
198
22
56
170
202
111
64
191
9
366
397
394
1
52
437
190
366
129
2
49
431
464
162
313
185
1
275
296
16
14
172
497
258
300
282
129
334
32
139
338
153
24
136
172
497
441
281
365
7
84
205
72
67
223
332
160
67
395
344
271
15
74
223
412
236
413
462
488
66
55
489
395
1
197
334
354
372
103
78
110
259
3
488
402
391
248
424
326
93
485
505
176
375
360
54
0
355
4
93
94
231
121
311
206
265
449
104
281
69
149
330
8
337
375
1
53
286
507
73
152
94
148
53
485
170
413
80
49
173
2
60
217
326
454
402
64
64
65
434
166
65
118
511
43
508
42
419
245
154
69
225
342
163
301
503
470
358
428
158
201
144
13
124
255
281
67
244
411
228
3
483
99
27
396
245
249
199
217
10
489
326
99
414
0
472
111
500
323
251
439
75
34
135
238
374
377
137
261
367
248
272
211
461
441
356
16
281
104
390
274
323
472
0
431
118
95
307
192
151
503
140
4
142
262
57
446
508
223
171
210
26
13
474
323
507
217
429
288
4
344
157
20
224
94
204
486
12
126
202
121
357
478
126
288
142
353
236
112
6
277
20
70
484
131
463
9
17
167
260
149
111
19
170
143
419
4
233
20
5
222
180
353
19
18
93
172
105
276
214
165
152
326
259
80
431
478
20
138
39
111
412
486
152
239
345
428
440
378
480
465
79
215
109
485
62
312
219
90
210
95
217
9
17
161
384
244
40
105
100
54
166
468
424
182
320
163
118
7
160
231
265
10
98
0
58
83
284
112
250
317
511
422
231
289
473
494
437
482
70
45
53
109
319
2
223
232
396
218
250
163
9
420
68
167
507
163
73
245
1
183
412
121
326
373
94
467
195
68
332
217
232
5
20
115
510
46
473
158
168
315
148
167
181
149
429
162
453
429
468
206
410
219
120
221
16
254
57
291
3
65
167
148
5
366
353
125
234
174
8
162
241
476
234
57
183
185
420
346
103
448
183
120
488
172
492
100
12
382
343
220
207
72
218
328
349
465
70
456
67
402
117
403
417
15
69
226
478
105
379
32
242
100
197
148
325
137
453
1
54
150
253
152
265
309
181
272
216
482
457
348
13
474
150
144
183
293
159
253
107
322
64
386
205
444
201
243
282
224
488
14
279
447
101
251
440
85
111
272
352
331
510
170
207
4
176
95
326
11
240
51
445
89
346
128
59
103
344
360
149
149
109
330
500
155
102
201
150
124
84
448
2
69
87
497
43
140
378
79
416
157
163
330
66
494
8
98
234
4
353
163
21
20
170
430
41
163
146
345
166
310
356
328
133
20
66
437
229
312
219
456
39
459
336
112
235
160
423
265
485
148
283
169
55
72
210
378
68
274
246
265
113
510
131
33
301
222
215
59
95
48
151
80
261
423
14
21
70
129
267
2
474
111
346
328
143
56
60
54
277
511
253
5
162
173
236
508
190
112
133
17
215
461
8
91
318
338
484
219
41
289
488
183
35
129
93
256
441
38
290
432
67
174
117
49
20
458
273
128
157
36
125
288
166
417
446
491
248
104
474
55
420
279
351
45
131
345
315
413
235
104
380
145
332
288
257
11
29
485
260
73
485
6
386
5
118
465
244
440
156
160
23
10
109
457
103
340
504
402
144
259
378
505
33
228
12
13
118
35
3
488
70
399
313
4
108
99
157
164
54
325
122
359
129
279
170
452
171
227
97
169
361
50
322
107
169
99
471
405
139
22
145
328
32
45
27
124
279
246
295
366
7
488
326
222
403
248
339
95
494
234
346
202
283
128
53
72
381
336
480
306
40
320
353
366
343
460
351
335
271
456
57
394
483
114
195
258
379
476
351
368
268
186
469
401
462
457
475
47
132
424
300
276
260
483
401
270
247
444
450
293
274
351
260
261
38
220
397
486
267
448
87
17
397
281
473
265
303
368
356
355
189
389
260
212
359
340
41
476
323
287
185
26
440
200
310
486
175
269
456
206
268
454
411
307
434
453
283
414
466
261
288
380
184
369
251
441
508
184
300
463
467
335
456
294
461
301
173
444
184
409
405
449
371
503
255
408
298
195
123
368
316
320
374
229
283
493
351
142
269
509
264
281
403
433
442
310
169
353
444
127
404
205
226
415
342
493
452
372
211
369
186
163
298
272
26
361
403
372
193
178
252
335
466
508
389
376
351
180
440
396
340
264
449
370
258
440
172
125
255
106
401
424
443
504
351
46
208
47
318
372
381
437
110
188
82
304
179
429
88
278
273
186
394
403
466
187
259
45
344
18
18
422
271
458
497
442
245
305
263
257
175
55
46
372
123
74
390
193
461
192
413
142
454
311
396
422
434
270
137
308
494
164
477
15
292
91
471
302
460
466
496
40
140
396
354
248
220
416
141
329
34
315
273
353
371
505
266
50
281
338
76
199
398
92
132
328
389
462
462
358
400
396
301
138
82
469
152
45
305
132
398
455
331
470
334
465
268
402
403
124
462
421
103
463
127
221
114
426
165
500
478
46
0
445
209
372
180
247
487
412
475
503
437
40
409
77
276
450
177
224
507
301
193
153
261
454
180
502
501
104
256
450
276
487
255
433
267
227
129
96
390
369
471
156
392
56
212
497
185
42
459
389
319
48
294
103
278
199
477
466
192
261
51
80
444
342
359
387
295
99
32
127
127
122
414
359
26
384
401
206
377
463
308
56
198
342
50
185
180
252
354
179
167
477
390
332
262
451
172
211
472
310
193
353
357
445
374
213
389
312
256
305
260
467
474
280
126
406
229
318
276
369
390
445
211
269
467
395
392
284
7
493
323
126
162
258
26
342
343
288
126
467
405
380
200
306
387
168
257
452
413
368
287
439
398
375
266
509
191
126
310
451
239
278
287
187
411
461
483
170
272
187
294
390
213
316
174
252
424
165
123
462
406
213
281
79
375
382
337
256
465
263
508
469
165
481
200
296
381
7
343
277
442
252
198
343
131
316
435
475
457
223
453
424
508
449
252
470
35
186
212
277
266
36
138
318
442
497
390
310
340
352
275
509
267
306
174
239
486
5
181
112
107
255
395
72
203
410
255
439
9
119
2
190
334
490
128
10
26
422
45
356
500
142
99
460
222
89
55
70
182
254
32
333
381
148
439
231
139
246
366
452
229
62
143
310
145
99
13
144
305
9
41
32
490
427
324
151
111
240
330
193
121
130
491
154
40
217
20
141
214
99
1
197
380
186
359
233
27
231
72
260
241
340
333
120
355
246
404
324
278
57
156
382
53
25
90
109
273
2
9
280
109
355
193
10
473
504
143
217
443
64
485
109
267
144
355
274
228
378
203
153
121
136
89
350
6
289
231
222
149
246
257
26
451
83
120
334
358
437
62
23
255
141
158
313
219
0
449
224
43
7
98
180
138
331
200
480
45
359
6
151
98
102
344
197
81
343
66
353
196
394
451
481
295
24
401
227
485
379
13
32
5
246
213
24
277
152
256
246
151
244
408
16
481
52
130
260
405
161
120
0
174
418
202
254
146
88
380
1
441
67
16
365
405
222
430
69
130
153
485
113
269
233
413
285
130
411
442
309
129
381
149
206
16
107
211
72
162
346
246
346
5
90
484
482
317
482
149
107
148
51
272
350
486
254
142
329
263
75
228
165
120
232
243
505
68
272
25
200
434
199
418
257
7
77
272
150
262
50
111
8
17
150
140
243
169
154
312
104
90
67
98
161
245
216
139
174
272
331
414
96
66
5
81
344
354
2
346
342
285
402
21
208
64
325
0
133
3
435
127
257
240
208
290
123
68
2
161
420
149
410
65
170
273
136
35
310
325
83
180
120
124
332
447
17
388
112
170
423
263
292
128
228
137
346
95
353
7
180
36
146
430
215
24
80
238
24
161
322
72
420
197
347
6
208
177
161
26
52
414
445
172
190
70
39
283
161
197
1
454
224
132
347
508
412
29
44
57
439
17
55
181
465
4
502
72
509
15
234
88
80
290
201
280
344
133
440
277
44
204
229
191
6
218
15
146
467
355
0
389
5
444
40
18
4
238
393
205
270
44
75
266
176
378
146
16
324
178
153
327
46
225
468
322
21
434
95
260
354
466
142
160
228
292
178
393
79
215
357
216
98
130
474
23
72
160
150
507
70
381
257
418
115
174
325
391
212
422
21
449
358
411
481
418
161
72
441
145
208
191
5
120
302
430
16
160
151
317
160
21
176
333
420
80
59
120
224
289
64
80
482
475
342
482
238
416
204
90
382
196
201
397
501
263
277
116
1
80
466
163
370
107
115
0
258
0
99
365
260
64
81
360
39
84
224
273
0
196
429
160
439
0
154
325
456
440
77
358
490
80
204
418
1
427
163
176
293
88
6
64
121
320
139
156
347
465
10
162
29
131
179
131
293
212
243
332
440
349
64
486
322
490
0
4
107
264
275
107
303
440
158
224
37
407
481
378
1
475
202
456
451
156
4
40
461
294
508
32
324
254
335
280
461
433
453
168
277
406
220
493
296
464
63
37
213
471
104
452
449
478
308
264
255
405
265
296
293
433
221
273
380
306
268
276
472
273
215
486
280
191
302
486
494
256
248
304
126
259
499
296
486
392
494
493
302
297
258
296
191
191
465
262
504
497
260
339
455
266
293
388
477
494
212
213
508
276
309
486
384
40
320
450
339
199
59
32
87
506
109
494
262
469
270
393
395
451
450
34
11
256
449
385
302
473
256
257
395
271
325
427
154
305
396
478
257
1
110
293
441
59
440
466
1
110
259
293
389
65
258
466
40
256
328
369
293
486
449
448
359
261
440
43
316
303
343
162
309
309
309
506
299
256
319
181
181
340
349
479
479
132
204
204
475
35
288
263
208
209
201
201
201
201
201
201
459
369
505
505
376
174
174
465
464
404
264
264
440
307
307
493
493
457
457
457
457
387
207
207
207
207
333
333
302
299
299
299
299
299
299
299
349
214
506
388
397
69
470
179
179
458
479
509
509
499
356
356
273
57
213
340
51
366
281
281
375
172
400
400
400
400
400
400
400
400
133
442
283
294
263
263
259
317
269
358
103
103
312
312
393
393
204
470
220
320
320
320
320
74
74
381
381
381
63
392
315
277
277
277
507
507
89
336
495
495
323
323
323
39
174
476
476
476
476
476
476
476
476
384
88
275
383
383
383
310
347
279
291
291
291
291
251
213
283
480
425
33
272
272
453
302
302
314
314
314
392
262
306
294
294
319
265
62
370
370
370
79
79
270
298
185
407
494
472
63
314
314
314
447
447
425
425
425
425
389
296
360
351
468
468
468
468
162
282
282
454
454
454
270
56
369
300
425
501
304
304
304
305
304
304
304
185
486
467
467
265
354
354
506
143
459
459
459
456
32
34
34
34
379
98
354
436
115
171
322
303
188
188
424
130
130
130
130
135
145
145
157
157
176
176
183
177
496
325
325
86
73
216
216
216
242
242
242
242
32
168
169
169
345
482
482
482
250
70
219
101
58
58
58
282
282
282
282
59
4
308
273
273
316
309
273
308
274
171
483
255
124
133
133
133
133
133
6
46
112
99
475
426
31
11
27
31
31
27
65
69
70
71
112
112
112
503
111
51
457
233
354
354
282
16
88
488
488
488
488
149
164
200
344
73
324
161
231
180
180
180
180
180
146
310
236
173
173
182
421
50
167
47
175
163
107
86
361
361
242
242
6
6
176
40
114
177
177
334
510
15
334
344
411
125
125
125
125
125
490
491
120
254
399
316
63
51
221
221
55
203
203
203
410
403
282
282
41
200
119
392
358
72
130
135
69
66
271
246
246
19
233
232
233
203
189
164
163
5
487
12
62
36
8
339
339
483
419
409
409
27
481
114
319
80
410
410
346
510
148
299
299
240
31
31
134
125
399
462
412
138
371
315
115
467
480
410
66
9
141
110
246
245
245
347
347
341
71
78
70
70
71
71
66
254
88
153
180
214
214
306
306
306
129
129
55
350
243
118
13
3
85
144
145
145
144
145
145
145
145
136
190
190
136
140
136
136
136
415
483
37
37
37
243
243
243
422
422
422
114
75
471
471
241
240
241
224
348
349
155
226
226
223
235
428
428
429
438
28
129
147
170
427
117
299
117
117
139
139
289
289
289
289
289
289
421
182
182
182
340
76
76
76
76
76
76
76
430
495
358
91
345
345
345
24
506
77
455
455
68
223
196
196
415
218
328
68
433
198
379
237
402
408
408
408
396
396
396
52
190
52
52
52
52
52
52
106
205
205
69
93
261
135
13
324
3
427
150
284
85
85
85
122
122
122
86
113
113
113
325
113
113
113
431
9
475
443
230
230
345
28
122
79
60
501
501
363
393
317
317
141
489
489
489
119
164
332
329
168
434
68
311
42
219
225
75
65
414
414
414
427
237
176
190
190
190
190
190
190
121
94
94
97
97
97
97
78
243
243
197
197
197
205
147
146
159
24
166
138
138
138
138
420
236
206
206
206
82
79
79
76
33
254
254
56
146
146
146
132
308
302
94
60
122
96
290
3
60
443
27
278
182
207
207
207
322
421
199
199
219
435
205
169
169
135
172
422
194
194
194
194
194
220
399
428
428
208
208
109
11
65
79
439
436
436
436
436
436
436
436
436
436
436
73
87
87
471
423
357
357
357
357
370
199
342
23
23
23
246
222
141
286
251
67
67
67
363
244
244
244
244
244
156
107
107
25
472
472
142
142
142
77
315
315
178
82
151
30
30
138
138
391
403
404
404
199
192
57
16
57
235
191
474
333
333
333
67
446
446
446
446
443
443
196
196
114
209
209
211
209
236
240
49
49
49
49
49
240
333
333
333
57
56
417
492
331
85
50
50
309
304
38
148
31
7
27
25
25
150
270
286
90
438
17
473
473
482
455
134
134
134
180
134
50
33
44
33
290
183
367
240
240
240
240
117
18
252
203
365
504
125
125
21
289
225
83
82
82
82
82
82
82
82
82
83
218
214
192
192
93
290
290
367
367
367
367
361
268
321
159
151
334
31
31
24
24
224
262
243
243
318
78
78
78
189
22
22
22
22
223
202
202
25
57
118
208
62
62
175
75
124
458
231
105
104
105
395
395
147
147
13
371
371
131
131
196
83
444
200
200
30
121
378
378
378
378
59
149
149
149
496
155
445
445
444
445
445
445
445
445
245
366
48
315
53
23
212
353
237
179
234
234
457
456
457
456
456
492
7
439
439
247
247
27
94
263
269
140
140
78
78
346
382
12
231
225
225
225
227
226
50
214
214
214
422
422
410
410
410
410
19
357
422
298
412
33
33
33
38
332
257
287
271
358
286
269
263
271
325
59
237
61
198
420
420
419
108
108
108
108
33
35
35
39
511
511
108
77
350
487
487
487
487
487
303
116
116
264
200
30
29
10
10
10
28
72
252
252
252
252
253
252
253
252
253
382
155
495
95
177
177
179
375
218
329
329
232
151
94
195
94
196
143
378
68
351
14
322
89
61
173
173
416
416
81
30
472
480
480
57
57
154
154
12
366
501
501
108
234
234
234
234
423
182
119
119
119
461
113
8
227
169
101
21
74
132
132
132
334
373
373
373
373
373
373
497
92
92
92
129
88
69
327
100
115
117
24
251
69
69
377
238
238
238
238
238
511
511
426
226
81
81
81
177
377
155
155
30
30
30
13
15
332
263
310
399
399
276
276
276
88
404
171
379
379
438
100
199
192
421
12
218
218
183
199
273
217
217
200
113
384
384
385
47
47
357
249
249
249
226
241
226
253
116
87
491
312
312
360
360
360
15
202
416
416
125
125
344
381
194
76
284
61
61
61
61
80
324
250
334
228
28
12
451
451
400
400
124
230
103
376
376
376
492
492
492
492
494
492
492
494
356
418
511
511
398
398
398
68
41
492
466
292
294
214
214
387
50
51
91
205
379
455
290
406
407
91
433
278
278
139
203
203
274
106
89
126
126
164
103
52
52
52
52
105
337
427
362
123
300
300
300
505
286
158
213
413
432
389
404
341
425
297
361
270
263
285
302
435
305
37
37
169
122
238
238
198
284
284
279
478
229
229
152
455
265
46
126
385
385
268
268
268
287
268
287
126
171
370
338
202
211
211
158
186
186
186
509
509
235
285
285
382
311
311
311
311
375
406
406
406
406
406
406
406
406
407
406
406
406
406
23
347
250
139
139
204
319
318
261
342
206
379
303
209
414
189
189
362
247
377
377
377
348
348
348
348
348
348
348
348
291
294
284
371
371
279
279
367
479
479
479
479
479
233
233
298
220
220
49
49
480
480
379
494
305
194
194
194
194
194
192
193
74
74
319
319
436
432
158
158
158
158
37
349
241
46
458
492
508
355
468
472
209
447
339
271
271
339
339
339
339
454
315
296
323
252
75
364
495
436
122
91
220
496
496
496
496
496
76
428
376
376
376
376
376
376
432
222
487
355
355
355
274
450
450
305
399
462
463
463
168
459
468
150
156
150
150
150
150
445
205
205
35
275
49
49
341
30
383
383
462
280
317
415
415
415
354
420
417
401
401
29
253
298
476
92
382
370
370
370
191
173
173
469
28
445
445
84
84
84
84
84
84
195
195
188
74
391
355
222
400
362
367
370
318
93
97
285
17
415
371
406
495
281
504
504
504
504
504
437
274
273
412
412
413
351
401
455
329
230
230
230
490
177
443
178
179
179
335
468
468
468
452
409
85
85
83
96
96
96
137
18
292
292
127
409
341
398
230
230
211
211
211
211
77
77
19
366
366
208
30
168
210
212
337
337
460
391
212
453
351
322
329
478
362
447
447
308
393
393
297
297
297
297
297
271
271
298
465
159
159
298
37
37
37
37
312
283
63
63
63
496
315
423
285
269
263
274
274
38
365
364
364
364
364
364
348
188
188
453
318
497
497
321
362
362
298
424
424
460
460
308
58
387
387
499
229
263
313
313
496
389
459
341
467
311
269
267
291
395
411
445
280
481
481
187
426
426
426
426
426
495
495
493
377
435
435
435
435
451
398
193
193
193
296
296
314
348
388
388
388
388
388
388
255
343
405
470
404
281
391
391
204
390
231
231
336
336
405
317
317
337
472
397
19
39
307
341
123
123
123
491
338
338
338
198
398
384
398
317
308
442
511
376
376
151
438
438
473
291
86
147
312
287
287
135
301
181
181
269
147
145
147
145
385
34
34
34
141
143
141
359
497
153
219
432
384
394
231
153
242
242
242
242
151
423
423
152
137
468
468
236
236
90
411
402
328
8
8
8
58
189
364
364
364
364
245
343
92
422
153
153
153
87
387
30
147
335
335
393
393
393
393
393
494
494
507
124
60
60
60
60
60
60
135
105
181
39
360
249
249
134
109
230
230
70
303
124
280
121
47
166
14
14
14
14
44
227
190
175
236
11
89
218
48
442
442
442
326
215
207
15
135
135
438
17
127
127
127
397
44
243
195
47
47
44
180
180
341
224
70
244
244
244
320
320
53
431
131
392
321
396
373
373
373
385
254
190
116
116
116
116
423
423
178
178
327
450
341
187
379
379
285
287
287
47
47
47
47
47
313
313
313
477
477
477
189
22
22
232
232
136
137
391
15
249
56
56
343
81
447
142
111
192
206
432
38
48
48
48
324
392
39
39
39
489
489
489
489
489
489
431
431
426
179
241
241
241
403
391
489
489
480
83
198
206
361
471
147
139
61
331
328
98
98
17
300
124
218
117
26
331
147
237
95
294
446
446
446
446
334
18
429
429
90
90
137
210
210
210
210
156
145
43
43
43
215
12
411
97
228
228
229
431
431
431
86
86
86
86
73
73
94
414
419
500
500
500
491
491
227
299
245
113
255
255
89
114
430
430
134
159
438
438
7
15
77
237
155
164
174
229
349
349
349
349
349
204
418
418
40
282
97
96
96
96
96
96
423
344
89
54
54
134
48
48
48
48
285
59
438
510
511
511
350
390
78
240
101
101
101
397
193
193
249
59
121
226
279
29
25
25
325
386
152
510
510
323
106
158
157
101
251
251
251
251
475
381
385
159
412
503
44
135
264
18
359
15
506
506
506
506
408
481
345
350
350
350
450
175
365
61
438
330
92
140
214
175
307
389
240
411
411
411
87
140
140
278
447
25
29
29
29
27
503
210
210
89
89
89
302
302
463
408
408
408
187
431
157
326
326
326
10
153
115
84
496
359
251
23
22
239
239
239
21
478
93
314
45
45
183
183
183
443
430
430
430
430
430
198
426
426
117
117
117
233
170
235
235
235
235
269
285
330
412
405
414
414
375
375
231
506
377
25
377
178
157
157
429
259
206
473
416
100
100
100
327
327
211
239
239
249
249
365
355
106
119
26
209
54
500
156
156
477
394
394
274
230
348
348
501
420
408
232
123
78
140
483
27
138
454
350
18
367
65
58
387
471
463
490
490
490
300
307
307
407
185
467
463
433
363
363
363
363
363
171
171
171
171
274
462
462
462
423
369
501
374
279
279
209
41
385
308
309
427
459
459
459
469
469
268
187
187
357
338
306
383
284
356
356
74
165
165
165
310
300
498
498
498
498
498
499
499
499
499
499
499
498
499
499
499
499
499
499
103
470
470
470
286
286
311
172
494
305
304
395
383
383
364
384
384
248
248
248
248
248
167
266
266
359
317
374
479
362
454
458
123
271
450
259
307
195
362
389
274
343
343
432
469
363
363
452
452
97
97
97
97
297
311
444
453
355
335
92
92
92
88
417
347
443
210
384
492
335
104
319
319
285
374
267
271
268
269
271
270
270
374
119
119
119
194
194
290
290
290
84
83
477
250
250
250
460
287
46
339
301
458
163
11
418
250
301
336
100
222
222
291
289
291
335
133
386
386
386
386
386
386
185
499
395
401
401
416
416
418
416
188
233
505
473
469
19
205
342
342
114
447
405
406
337
337
495
37
37
280
280
37
127
270
22
300
327
43
87
329
283
226
174
173
173
421
421
383
383
383
358
79
107
390
379
419
102
102
247
247
247
476
187
425
477
373
186
251
270
388
207
198
264
287
277
277
277
204
331
295
92
505
365
343
446
295
284
319
409
38
186
186
505
275
270
270
195
318
409
168
327
297
297
286
471
303
71
93
318
255
225
225
36
15
227
491
104
75
182
250
250
140
336
336
336
151
223
223
337
237
237
237
509
509
510
509
382
189
283
147
137
137
54
341
338
477
407
407
433
433
433
433
437
102
166
26
45
459
360
360
54
80
196
14
419
213
172
321
321
321
321
321
451
8
434
413
105
484
484
484
20
20
502
502
502
502
90
502
503
502
502
502
106
106
106
106
107
62
62
72
347
154
441
139
51
24
24
156
221
221
221
357
357
397
7
366
366
366
49
173
185
29
16
16
332
332
395
223
413
197
334
93
94
337
337
152
53
49
14
69
434
167
511
42
42
42
42
42
42
42
419
234
428
428
13
244
483
99
396
396
217
10
10
489
489
500
34
34
238
377
285
287
367
367
211
441
441
390
118
142
171
171
26
474
323
507
217
217
217
429
12
202
357
126
463
111
19
143
28
29
138
62
217
175
54
166
424
163
62
58
317
437
437
437
53
53
218
250
245
373
217
232
232
29
21
429
206
57
57
57
125
234
241
234
103
100
218
218
456
117
417
417
242
242
242
242
242
253
216
474
150
151
159
159
159
322
101
85
11
240
149
330
155
102
102
102
201
84
497
43
345
345
71
71
459
246
215
95
474
173
173
338
219
41
183
35
93
49
166
474
279
345
315
413
386
465
244
13
35
488
399
108
359
147
171
361
471
35
34
124
295
488
248
339
95
95
95
95
234
234
202
53
335
335
456
394
114
263
268
401
401
457
401
450
287
38
356
189
189
340
287
26
261
184
184
184
184
184
300
463
461
461
301
186
503
298
493
127
452
211
361
403
270
172
401
401
351
47
47
373
372
372
437
110
304
186
45
46
142
295
292
471
460
466
248
248
416
92
328
301
469
331
124
462
421
421
127
372
372
372
412
412
439
267
267
227
227
56
48
342
342
127
56
354
262
211
475
374
474
474
276
276
284
126
405
452
370
369
375
369
439
439
398
483
483
187
508
508
508
442
252
252
198
470
138
318
509
239
29
203
203
334
422
99
460
333
381
62
9
330
330
217
216
214
27
340
156
382
90
90
15
63
11
11
11
109
109
11
143
143
143
95
83
437
62
43
98
102
344
344
34
244
481
166
202
254
146
222
485
269
233
442
211
346
346
485
485
487
487
107
51
142
199
312
104
216
354
123
420
310
124
447
346
346
429
353
355
353
358
353
353
352
354
26
70
39
224
29
55
28
41
378
324
354
216
474
23
381
174
59
238
201
201
173
71
325
358
139
322
490
158
158
294
34
461
168
264
380
380
275
280
280
191
504
455
266
384
395
305
111
270
328
450
